10	3	1
20	3	5
30	7	7
40	22	13
50	6	11
60	19	18
70	10	32
80	17	99
90	8	43
100	18	52
110	14	32
120	11	41
130	14	44
140	15	36
150	19	44
160	29	153
170	37	23
180	29	25
190	33	25
200	32	30
210	39	27
220	39	29
230	41	30
240	45	31
250	52	44
260	55	36
270	56	44
280	64	44
290	69	56
300	70	76
310	77	61
320	80	64
330	87	105
340	99	182
350	95	71
360	106	74
370	107	75
380	118	78
390	119	86
400	123	86
410	45	44
420	46	53
430	51	40
440	50	42
450	51	43
460	51	53
470	51	58
480	50	49
490	64	63
500	64	68
510	62	54
520	70	68
530	71	62
540	67	66
550	73	61
560	74	67
570	80	71
580	82	77
590	86	83
600	94	95
610	101	99
620	92	131
630	98	102
640	102	109
650	121	119
660	107	114
670	112	116
680	122	109
690	125	120
700	122	119
710	125	128
720	132	127
730	151	131
740	145	131
750	143	151
760	146	149
770	156	144
780	151	146
790	163	148
800	176	145
810	171	150
820	158	158
830	178	148
840	184	148
850	191	162
860	200	164
870	196	159
880	201	183
890	213	145
900	344	208
